      0.00000
      0.00000
      0.00000
      0.00000
      0.00000
      0.00000
      0.00000
      0.00000
      0.00000
      0.00000
      0.00000
      0.00000
      1.00000
      1.00000
      1.00000
      1.00000
      1.00000
      1.00000
      1.00000
      1.00000
      1.00000
      1.00000
      1.00000
      1.00000
      1.00000
      1.00000
      1.00000
      1.00000
      1.00000
      1.00000
      1.00000
      1.00000
      1.00000
      1.00000
      1.00000
     0.990000
     0.980000
     0.980000
     0.980000
     0.970000
     0.960000
     0.960000
     0.960000
     0.960000
     0.950000
     0.950000
     0.950000
     0.940000
     0.940000
     0.940000
     0.940000
     0.930000
     0.930000
     0.930000
     0.930000
     0.930000
     0.930000
     0.930000
     0.920000
     0.920000
     0.930000
     0.920000
     0.920000
     0.920000
     0.920000
     0.920000
     0.920000
     0.920000
     0.920000
     0.910000
     0.910000
     0.920000
     0.910000
     0.910000
     0.910000
     0.910000
     0.910000
     0.910000
     0.910000
     0.910000
     0.910000
     0.910000
     0.910000
     0.910000
     0.910000
     0.910000
     0.910000
     0.910000
     0.900000
     0.900000
     0.900000
     0.900000
     0.900000
     0.900000
     0.900000
     0.900000
     0.900000
     0.900000
     0.890000
     0.890000
     0.890000
     0.890000
     0.890000
     0.890000
     0.890000
     0.880000
     0.880000
     0.880000
     0.880000
     0.870000
     0.870000
     0.870000
     0.870000
     0.870000
     0.870000
     0.870000
     0.860000
     0.860000
     0.860000
     0.860000
     0.860000
     0.850000
     0.850000
     0.850000
     0.850000
     0.840000
     0.840000
     0.840000
     0.840000
     0.840000
     0.830000
     0.830000
     0.830000
     0.830000
     0.820000
     0.820000
     0.820000
     0.820000
     0.810000
     0.810000
     0.810000
     0.810000
     0.800000
     0.800000
     0.800000
     0.800000
     0.790000
     0.790000
     0.790000
     0.780000
     0.780000
     0.780000
     0.780000
     0.770000
     0.770000
     0.770000
     0.770000
     0.760000
     0.760000
     0.760000
     0.760000
     0.750000
     0.750000
     0.740000
     0.740000
     0.740000
     0.740000
     0.730000
     0.730000
     0.730000
     0.730000
     0.720000
     0.720000
     0.720000
     0.710000
     0.710000
     0.710000
     0.710000
     0.700000
     0.700000
     0.700000
     0.690000
     0.690000
     0.690000
     0.680000
     0.680000
     0.680000
     0.680000
     0.670000
     0.670000
     0.660000
     0.660000
     0.660000
     0.650000
     0.650000
     0.650000
     0.640000
     0.640000
     0.630000
     0.630000
     0.630000
     0.620000
     0.620000
     0.620000
     0.610000
     0.610000
     0.610000
     0.600000
     0.600000
     0.590000
     0.590000
     0.580000
     0.580000
     0.580000
     0.570000
     0.570000
     0.560000
     0.560000
     0.550000
     0.550000
     0.540000
     0.540000
     0.530000
     0.530000
     0.520000
     0.510000
     0.500000
     0.500000
     0.490000
     0.480000
     0.470000
     0.470000
     0.460000
     0.450000
     0.440000
     0.440000
     0.430000
     0.420000
     0.420000
     0.410000
     0.400000
     0.390000
     0.380000
     0.370000
     0.360000
     0.360000
     0.350000
     0.330000
     0.320000
     0.310000
     0.300000
     0.290000
     0.280000
     0.260000
     0.250000
     0.240000
     0.230000
     0.220000
     0.200000
     0.200000
     0.180000
     0.180000
     0.180000
     0.180000
     0.180000
     0.180000
     0.180000
     0.180000
     0.180000
     0.180000
     0.180000
     0.180000
     0.180000
     0.180000
     0.180000
     0.180000
     0.180000
     0.180000
     0.180000
     0.180000
     0.180000
     0.180000
     0.180000
     0.180000
     0.180000
     0.180000
     0.180000
     0.180000
     0.180000
     0.180000
     0.180000
     0.180000
     0.180000
     0.180000
     0.180000
     0.180000
     0.180000
     0.180000
     0.180000
     0.180000
     0.180000
     0.180000
     0.180000
     0.180000
     0.180000
     0.180000
     0.180000
     0.180000
     0.180000
     0.180000
     0.180000
     0.180000
     0.180000
     0.180000
     0.180000
     0.180000
     0.180000
     0.180000
     0.180000
     0.180000
     0.180000
     0.180000
     0.180000
     0.180000
     0.180000
     0.180000
     0.180000
     0.180000
     0.180000
     0.180000
     0.180000
     0.180000
     0.180000
     0.180000
     0.180000
     0.180000
     0.180000
     0.180000
     0.180000
     0.180000
     0.180000
     0.180000
     0.180000
     0.180000
     0.180000
     0.180000
     0.180000
     0.180000
     0.180000
     0.180000
     0.180000
     0.180000
     0.180000
     0.180000
     0.180000
     0.180000
     0.180000
     0.180000
     0.180000
     0.180000
     0.180000
     0.180000
     0.180000
     0.180000
     0.180000
     0.180000
     0.180000
     0.180000
     0.180000
     0.180000
     0.180000
     0.180000
     0.180000
     0.180000
     0.180000
     0.180000
     0.180000
     0.180000
     0.180000
     0.180000
     0.180000
     0.180000
     0.180000
     0.170000
     0.150000
     0.140000
     0.130000
     0.120000
     0.110000
     0.100000
     9.000000E-02
     8.000000E-02
     7.000000E-02
     6.000000E-02
     5.000000E-02
     5.000000E-02
     5.000000E-02
     5.000000E-02
     4.000000E-02
     4.000000E-02
     4.000000E-02
      4.00000
      5.00000
      6.00000
      7.00000
      8.00000
      9.00000
      10.0000
      11.0000
      12.0000
      13.0000
      14.0000
      15.0000
      15.5000
      16.0000
      16.7500
      17.2500
      17.5000
      18.0000
      18.5000
      18.7500
      19.2500
      19.5000
      19.7500
      20.2500
      20.5000
      20.7500
      21.0000
      21.2500
      21.5000
      21.7500
      22.0000
      22.2500
      22.5000
      22.7500
      22.7500
      23.0000
      23.2500
      23.5000
      23.5000
      23.7500
      24.0000
      24.0000
      24.2500
      24.5000
      24.5000
      24.7500
      25.0000
      25.0000
      25.2500
      25.2500
      25.5000
      25.5000
      25.7500
      25.7500
      26.0000
      26.0000
      26.2500
      26.2500
      26.5000
      26.5000
      26.7500
      26.7500
      27.0000
      27.0000
      27.0000
      27.2500
      27.2500
      27.5000
      27.5000
      27.5000
      27.7500
      27.7500
      28.0000
      28.0000
      28.0000
      28.2500
      28.2500
      28.2500
      28.5000
      28.5000
      28.5000
      28.7500
      28.7500
      28.7500
      29.0000
      29.0000
      29.0000
      29.2500
      29.2500
      29.2500
      29.5000
      29.5000
      29.5000
      29.7500
      29.7500
      29.7500
      29.7500
      30.0000
      30.0000
      30.0000
      30.2500
      30.2500
      30.2500
      30.2500
      30.5000
      30.5000
      30.5000
      30.5000
      30.7500
      30.7500
      30.7500
      30.7500
      31.0000
      31.0000
      31.0000
      31.0000
      31.2500
      31.2500
      31.2500
      31.2500
      31.5000
      31.5000
      31.5000
      31.5000
      31.7500
      31.7500
      31.7500
      31.7500
      32.0000
      32.0000
      32.0000
      32.0000
      32.2500
      32.2500
      32.2500
      32.2500
      32.5000
      32.5000
      32.5000
      32.5000
      32.5000
      32.7500
      32.7500
      32.7500
      32.7500
      33.0000
      33.0000
      33.0000
      33.0000
      33.0000
      33.2500
      33.2500
      33.2500
      33.2500
      33.5000
      33.5000
      33.5000
      33.5000
      33.5000
      33.7500
      33.7500
      33.7500
      33.7500
      33.7500
      34.0000
      34.0000
      34.0000
      34.0000
      34.2500
      34.2500
      34.2500
      34.2500
      34.2500
      34.5000
      34.5000
      34.5000
      34.5000
      34.5000
      34.7500
      34.7500
      34.7500
      34.7500
      34.7500
      35.0000
      35.0000
      35.0000
      35.0000
      35.2500
      35.2500
      35.2500
      35.2500
      35.2500
      35.5000
      35.5000
      35.5000
      35.5000
      35.5000
      35.7500
      35.7500
      35.7500
      35.7500
      35.7500
      36.0000
      36.0000
      36.0000
      36.0000
      36.2500
      36.2500
      36.2500
      36.2500
      36.2500
      36.5000
      36.5000
      36.5000
      36.5000
      36.7500
      36.7500
      36.7500
      36.7500
      36.7500
      37.0000
      37.0000
      37.0000
      37.0000
      37.2500
      37.2500
      37.2500
      37.2500
      37.5000
      37.5000
      37.5000
      37.5000
      37.7500
      37.7500
      37.7500
      37.7500
      38.0000
      38.0000
      38.0000
      38.0000
      38.2500
      38.2500
      38.2500
      38.2500
      38.5000
      38.5000
      38.5000
      38.5000
      38.7500
      38.7500
      38.7500
      39.0000
      39.0000
      39.0000
      39.2500
      39.2500
      39.5000
      39.5000
      39.5000
      39.7500
      39.7500
      40.0000
      41.0000
      42.0000
      43.0000
      44.0000
      45.0000
      46.0000
      47.0000
      48.0000
      49.0000
      50.0000
      51.0000
      52.0000
      53.0000
      54.0000
      55.0000
      56.0000
      57.0000
      58.0000
      59.0000
      60.0000
      61.0000
      62.0000
      63.0000
      64.0000
      65.0000
      66.0000
      67.0000
      68.0000
      69.0000
      70.0000
      71.0000
      72.0000
      73.0000
      74.0000
      75.0000
      76.0000
      77.0000
      78.0000
      79.0000
      80.0000
      81.0000
      82.0000
      83.0000
      84.0000
      85.0000
      86.0000
      87.0000
      88.0000
      89.0000
      90.0000
      91.0000
      92.0000
      93.0000
      94.0000
      95.0000
      96.0000
      97.0000
      98.0000
      99.0000
      100.000
      101.000
      102.000
      103.000
      104.000
      105.000
      106.000
      107.000
      108.000
      109.000
      110.000
      111.000
      112.000
      113.000
      114.000
      115.000
      116.000
      117.000
      118.000
      119.000
      120.000
      121.000
      122.000
      123.000
      124.000
      125.000
      126.000
      127.000
      128.000
      129.000
      130.000
      131.000
      132.000
      133.000
      134.000
      135.000
      136.000
      137.000
      138.000
      139.000
      140.000
      141.000
      142.000
      143.000
      144.000
      145.000
      146.000
      147.000
      148.000
      149.000
      150.000
      151.000
      152.000
      153.000
      154.000
      155.000
      156.000
      157.000
      158.000
      159.000
      160.000
      161.000
      161.000
      161.000
      161.000
      161.000
      161.000
      161.000
      161.000
      161.000
      161.000
      161.000
      161.000
      161.000
      161.000
      161.000
      161.000
      161.000
      161.000
      161.000
    -4.238589E-07
    -5.689252E-08
    -1.102908E-08
    -2.757071E-09
    -8.314759E-10
    -2.904308E-10
    -1.147447E-10
    -5.075554E-11
    -2.516765E-11
    -1.411131E-11
    -9.011385E-12
    -6.523833E-12
    -5.047642E-12
    -3.981876E-12
    -3.250528E-12
    -2.724732E-12
    -2.323991E-12
    -2.011944E-12
    -1.768609E-12
    -1.574565E-12
    -1.414055E-12
    -1.280869E-12
    -1.168481E-12
    -1.071686E-12
    -9.885826E-13
    -9.163718E-13
    -8.531830E-13
    -7.975639E-13
    -7.481321E-13
    -7.039223E-13
    -6.642645E-13
    -6.285092E-13
    -5.961169E-13
    -5.666531E-13
    -5.396354E-13
    -5.148232E-13
    -4.920629E-13
    -4.711148E-13
    -4.517052E-13
    -4.336316E-13
    -4.168728E-13
    -4.012677E-13
    -3.866384E-13
    -3.729870E-13
    -3.601533E-13
    -3.480907E-13
    -3.367840E-13
    -3.260449E-13
    -3.159585E-13
    -3.063860E-13
    -2.973369E-13
    -2.887550E-13
    -2.805899E-13
    -2.728365E-13
    -2.654444E-13
    -2.584118E-13
    -2.516887E-13
    -2.452776E-13
    -2.391375E-13
    -2.332658E-13
    -2.276435E-13
    -2.222449E-13
    -2.170786E-13
    -2.120957E-13
    -2.073234E-13
    -2.027190E-13
    -1.982947E-13
    -1.940354E-13
    -1.899189E-13
    -1.859635E-13
    -1.821288E-13
    -1.784327E-13
    -1.748680E-13
    -1.714044E-13
    -1.680682E-13
    -1.648315E-13
    -1.616937E-13
    -1.586637E-13
    -1.557163E-13
    -1.528596E-13
    -1.500929E-13
    -1.473992E-13
    -1.447866E-13
    -1.422514E-13
    -1.397810E-13
    -1.373809E-13
    -1.350497E-13
    -1.327772E-13
    -1.305642E-13
    -1.284131E-13
    -1.263171E-13
    -1.242701E-13
    -1.222789E-13
    -1.203407E-13
    -1.184416E-13
    -1.165936E-13
    -1.147933E-13
    -1.130310E-13
    -1.113100E-13
    -1.096331E-13
    -1.079959E-13
    -1.063899E-13
    -1.048237E-13
    -1.032953E-13
    -1.017979E-13
    -1.003319E-13
    -9.890094E-14
    -9.750221E-14
    -9.612916E-14
    -9.478631E-14
    -9.347402E-14
    -9.218987E-14
    -9.092750E-14
    -8.969351E-14
    -8.848625E-14
    -8.730359E-14
    -8.614052E-14
    -8.500322E-14
    -8.388936E-14
    -8.279746E-14
    -8.172343E-14
    -8.067235E-14
    -7.964233E-14
    -7.863196E-14
    -7.763804E-14
    -7.666441E-14
    -7.570975E-14
    -7.477288E-14
    -7.385139E-14
    -7.294741E-14
    -7.206091E-14
    -7.119069E-14
    -7.033493E-14
    -6.949385E-14
    -6.866907E-14
    -6.785943E-14
    -6.706370E-14
    -6.627970E-14
    -6.551097E-14
    -6.475615E-14
    -6.401437E-14
    -6.328386E-14
    -6.256593E-14
    -6.186121E-14
    -6.116871E-14
    -6.048751E-14
    -5.981602E-14
    -5.915693E-14
    -5.850955E-14
    -5.787285E-14
    -5.724522E-14
    -5.662783E-14
    -5.602156E-14
    -5.542559E-14
    -5.483910E-14
    -5.426009E-14
    -5.369147E-14
    -5.313281E-14
    -5.258321E-14
    -5.204134E-14
    -5.150727E-14
    -5.098269E-14
    -5.046707E-14
    -4.995957E-14
    -4.945825E-14
    -4.896498E-14
    -4.848043E-14
    -4.800385E-14
    -4.753429E-14
    -4.707028E-14
    -4.661423E-14
    -4.616607E-14
    -4.572492E-14
    -4.528982E-14
    -4.486034E-14
    -4.443817E-14
    -4.402318E-14
    -4.361463E-14
    -4.321101E-14
    -4.281306E-14
    -4.242206E-14
    -4.203743E-14
    -4.165853E-14
    -4.128402E-14
    -4.091513E-14
    -4.055258E-14
    -4.019590E-14
    -3.984433E-14
    -3.949660E-14
    -3.915450E-14
    -3.881820E-14
    -3.848719E-14
    -3.816062E-14
    -3.783793E-14
    -3.752051E-14
    -3.720843E-14
    -3.690116E-14
    -3.659769E-14
    -3.629823E-14
    -3.600362E-14
    -3.571393E-14
    -3.542877E-14
    -3.514672E-14
    -3.486880E-14
    -3.459536E-14
    -3.432651E-14
    -3.406163E-14
    -3.379972E-14
    -3.354175E-14
    -3.328807E-14
    -3.303870E-14
    -3.279249E-14
    -3.254944E-14
    -3.231014E-14
    -3.207493E-14
    -3.184358E-14
    -3.161488E-14
    -3.138945E-14
    -3.116780E-14
    -3.095012E-14
    -3.073539E-14
    -3.052356E-14
    -3.031493E-14
    -3.011004E-14
    -2.990839E-14
    -2.970943E-14
    -2.951356E-14
    -2.932115E-14
    -2.913213E-14
    -2.894571E-14
    -2.876231E-14
    -2.858204E-14
    -2.840496E-14
    -2.823027E-14
    -2.805858E-14
    -2.788976E-14
    -2.772402E-14
    -2.756048E-14
    -2.739989E-14
    -2.724213E-14
    -2.708718E-14
    -2.693450E-14
    -2.678479E-14
    -2.663784E-14
    -2.649324E-14
    -2.635100E-14
    -2.621164E-14
    -2.607491E-14
    -2.594047E-14
    -2.580905E-14
    -2.568059E-14
    -2.555434E-14
    -2.543084E-14
    -2.531000E-14
    -2.519152E-14
    -2.507563E-14
    -2.496289E-14
    -2.485314E-14
    -2.474669E-14
    -2.464254E-14
    -2.454117E-14
    -2.444248E-14
    -2.435801E-14
    -2.429184E-14
    -2.423970E-14
    -2.419838E-14
    -2.416546E-14
    -2.413911E-14
    -2.411791E-14
    -2.410077E-14
    -2.408685E-14
    -2.407551E-14
    -2.406622E-14
    -2.405859E-14
    -2.405230E-14
    -2.404708E-14
    -2.404275E-14
    -2.403914E-14
    -2.403612E-14
    -2.403358E-14
    -2.403145E-14
    -2.402965E-14
    -2.402812E-14
    -2.402683E-14
    -2.402573E-14
    -2.402479E-14
    -2.402399E-14
    -2.402330E-14
    -2.402271E-14
    -2.402220E-14
    -2.402176E-14
    -2.402137E-14
    -2.402105E-14
    -2.402076E-14
    -2.402051E-14
    -2.402029E-14
    -2.402010E-14
    -2.401994E-14
    -2.401979E-14
    -2.401966E-14
    -2.401955E-14
    -2.401945E-14
    -2.401936E-14
    -2.401928E-14
    -2.401922E-14
    -2.401916E-14
    -2.401910E-14
    -2.401905E-14
    -2.401901E-14
    -2.401897E-14
    -2.401894E-14
    -2.401891E-14
    -2.401888E-14
    -2.401886E-14
    -2.401884E-14
    -2.401882E-14
    -2.401880E-14
    -2.401878E-14
    -2.401877E-14
    -2.401876E-14
    -2.401874E-14
    -2.401873E-14
    -2.401872E-14
    -2.401872E-14
    -2.401871E-14
    -2.401870E-14
    -2.401869E-14
    -2.401869E-14
    -2.401868E-14
    -2.401868E-14
    -2.401867E-14
    -2.401867E-14
    -2.401867E-14
    -2.401866E-14
    -2.401866E-14
    -2.401866E-14
    -2.401865E-14
    -2.401865E-14
    -2.401865E-14
    -2.401865E-14
    -2.401865E-14
    -2.401864E-14
    -2.401864E-14
    -2.401864E-14
    -2.401864E-14
    -2.401864E-14
    -2.401864E-14
    -2.401864E-14
    -2.401864E-14
    -2.401863E-14
    -2.401863E-14
    -2.401863E-14
    -2.401863E-14
    -2.401863E-14
    -2.401863E-14
    -2.401863E-14
    -2.401863E-14
    -2.401863E-14
    -2.401863E-14
    -2.401863E-14
    -2.401863E-14
    -2.401863E-14
    -2.401863E-14
    -2.401863E-14
    -2.401863E-14
    -2.401863E-14
    -2.401863E-14
    -2.401863E-14
    -2.401863E-14
    -2.401863E-14
    -2.401863E-14
    -2.401863E-14
    -2.401863E-14
    -2.401863E-14
    -2.401862E-14
    -2.401862E-14
    -2.401862E-14
    -2.401862E-14
    -2.401862E-14
    -2.401862E-14
    -2.401862E-14
    -2.401862E-14
    -2.401862E-14
    -2.392246E-14
    -2.382926E-14
    -2.373908E-14
    -2.365178E-14
    -2.356844E-14
    -2.348906E-14
    -2.341296E-14
    -2.334006E-14
    -2.327149E-14
    -2.320960E-14
    -2.315402E-14
    -2.310352E-14
    -2.305893E-14
    -2.302059E-14
    -2.298740E-14
    -2.295855E-14
    -2.293368E-14
    -2.291287E-14
