      0.00000
      0.00000
      0.00000
      0.00000
      0.00000
      0.00000
      0.00000
      0.00000
      0.00000
      0.00000
      0.00000
      0.00000
      0.00000
      0.00000
      0.00000
      1.00000
      1.00000
      1.00000
      1.00000
      1.00000
      1.00000
      1.00000
      1.00000
      1.00000
      1.00000
      1.00000
      1.00000
      1.00000
      1.00000
      1.00000
      1.00000
      1.00000
      1.00000
      1.00000
      1.00000
      1.00000
      1.00000
      1.00000
      1.00000
      1.00000
      1.00000
      1.00000
      1.00000
      1.00000
      1.00000
      1.00000
      1.00000
      1.00000
      1.00000
      1.00000
      1.00000
      1.00000
     0.980000
     0.960000
     0.950000
     0.940000
     0.920000
     0.910000
     0.900000
     0.880000
     0.870000
     0.850000
     0.840000
     0.820000
     0.810000
     0.800000
     0.790000
     0.770000
     0.760000
     0.750000
     0.740000
     0.720000
     0.710000
     0.700000
     0.680000
     0.670000
     0.650000
     0.640000
     0.630000
     0.610000
     0.600000
     0.590000
     0.580000
     0.570000
     0.550000
     0.540000
     0.530000
     0.510000
     0.500000
     0.480000
     0.460000
     0.450000
     0.440000
     0.430000
     0.410000
     0.390000
     0.360000
     0.340000
     0.320000
     0.300000
     0.280000
     0.270000
     0.270000
     0.270000
     0.270000
     0.270000
     0.270000
     0.270000
     0.270000
     0.270000
     0.270000
     0.270000
     0.270000
     0.270000
     0.270000
     0.270000
     0.270000
     0.270000
     0.270000
     0.270000
     0.270000
     0.270000
     0.270000
     0.270000
     0.270000
     0.270000
     0.270000
     0.270000
     0.270000
     0.270000
     0.270000
     0.270000
     0.270000
     0.270000
     0.270000
     0.270000
     0.270000
     0.270000
     0.270000
     0.270000
     0.270000
     0.270000
     0.270000
     0.270000
     0.270000
     0.270000
     0.270000
     0.270000
     0.270000
     0.270000
     0.270000
     0.270000
     0.270000
     0.270000
     0.270000
     0.270000
     0.270000
     0.270000
     0.270000
     0.270000
     0.270000
     0.270000
     0.270000
     0.270000
     0.270000
     0.270000
     0.270000
     0.270000
     0.270000
     0.270000
     0.270000
     0.270000
     0.270000
     0.270000
     0.270000
     0.270000
     0.270000
     0.270000
     0.270000
     0.270000
     0.270000
     0.270000
     0.270000
     0.270000
     0.270000
     0.270000
     0.270000
     0.270000
     0.270000
     0.270000
     0.270000
     0.270000
     0.270000
     0.270000
     0.270000
     0.270000
     0.270000
     0.270000
     0.270000
     0.270000
     0.270000
     0.270000
     0.270000
     0.270000
     0.270000
     0.270000
     0.270000
     0.270000
     0.270000
     0.270000
     0.270000
     0.270000
     0.270000
     0.270000
     0.270000
     0.270000
     0.270000
     0.270000
     0.270000
     0.270000
     0.270000
     0.270000
     0.270000
     0.270000
     0.270000
     0.270000
     0.270000
     0.270000
     0.270000
     0.270000
     0.270000
     0.270000
     0.270000
     0.270000
     0.270000
     0.270000
     0.270000
     0.270000
     0.270000
     0.270000
     0.270000
     0.270000
     0.270000
     0.270000
     0.270000
     0.270000
     0.270000
     0.270000
     0.270000
     0.270000
     0.270000
     0.270000
     0.270000
     0.270000
     0.270000
     0.270000
     0.270000
     0.270000
     0.270000
     0.270000
     0.270000
     0.270000
     0.270000
     0.270000
     0.270000
     0.270000
     0.270000
     0.270000
     0.270000
     0.270000
     0.270000
     0.270000
     0.270000
     0.270000
     0.270000
     0.270000
     0.270000
     0.270000
     0.270000
     0.270000
     0.270000
     0.270000
     0.270000
     0.270000
     0.270000
     0.270000
     0.270000
     0.270000
     0.270000
     0.270000
     0.270000
     0.270000
     0.270000
     0.270000
     0.270000
     0.270000
     0.270000
     0.270000
     0.270000
     0.270000
     0.270000
     0.270000
     0.270000
     0.270000
     0.270000
     0.270000
     0.270000
     0.270000
     0.270000
     0.270000
     0.270000
     0.270000
     0.270000
     0.270000
     0.270000
     0.270000
     0.270000
     0.270000
     0.270000
     0.270000
     0.270000
     0.270000
     0.270000
     0.270000
     0.270000
     0.270000
     0.270000
     0.270000
     0.270000
     0.270000
     0.270000
     0.270000
     0.270000
     0.270000
     0.270000
     0.270000
     0.270000
     0.270000
     0.270000
     0.270000
     0.270000
     0.270000
     0.270000
     0.270000
     0.270000
     0.270000
     0.270000
     0.270000
     0.270000
     0.270000
     0.270000
     0.270000
     0.270000
     0.270000
     0.270000
     0.270000
     0.270000
     0.270000
     0.270000
     0.270000
     0.270000
     0.270000
     0.270000
     0.270000
     0.270000
     0.270000
     0.270000
     0.270000
     0.270000
     0.270000
     0.270000
     0.270000
     0.270000
     0.270000
     0.270000
     0.270000
     0.270000
     0.270000
     0.270000
     0.270000
     0.270000
     0.270000
     0.270000
     0.250000
     0.220000
     0.190000
     0.160000
     0.150000
     0.150000
     0.150000
     0.150000
     0.130000
     0.130000
     0.120000
     0.110000
     9.000000E-02
     8.000000E-02
     8.000000E-02
     8.000000E-02
     8.000000E-02
     8.000000E-02
      4.00000
      5.00000
      6.00000
      7.00000
      8.00000
      9.00000
      10.0000
      11.0000
      12.0000
      13.0000
      14.0000
      15.0000
      16.0000
      17.0000
      18.0000
      18.5000
      19.2500
      19.7500
      20.2500
      20.5000
      21.0000
      21.5000
      21.7500
      22.0000
      22.2500
      22.7500
      23.0000
      23.2500
      23.5000
      23.7500
      24.0000
      24.0000
      24.2500
      24.5000
      24.7500
      25.0000
      25.0000
      25.2500
      25.5000
      25.5000
      25.7500
      26.0000
      26.0000
      26.2500
      26.5000
      26.5000
      26.7500
      26.7500
      27.0000
      27.2500
      27.2500
      27.5000
      27.5000
      27.7500
      27.7500
      28.0000
      28.0000
      28.2500
      28.5000
      28.5000
      28.7500
      28.7500
      29.0000
      29.0000
      29.2500
      29.2500
      29.5000
      29.5000
      29.7500
      29.7500
      30.0000
      30.0000
      30.2500
      30.5000
      30.5000
      30.7500
      30.7500
      31.0000
      31.0000
      31.2500
      31.2500
      31.5000
      31.5000
      31.7500
      32.0000
      32.0000
      32.2500
      32.2500
      32.5000
      32.7500
      32.7500
      33.0000
      33.2500
      33.2500
      33.5000
      33.7500
      33.7500
      34.0000
      34.2500
      34.5000
      34.5000
      35.0000
      36.0000
      37.0000
      38.0000
      39.0000
      40.0000
      41.0000
      42.0000
      43.0000
      44.0000
      45.0000
      46.0000
      47.0000
      48.0000
      49.0000
      50.0000
      51.0000
      52.0000
      53.0000
      54.0000
      55.0000
      56.0000
      57.0000
      58.0000
      59.0000
      60.0000
      61.0000
      62.0000
      63.0000
      64.0000
      65.0000
      66.0000
      67.0000
      68.0000
      69.0000
      70.0000
      71.0000
      72.0000
      73.0000
      74.0000
      75.0000
      76.0000
      77.0000
      78.0000
      79.0000
      80.0000
      81.0000
      82.0000
      83.0000
      84.0000
      85.0000
      86.0000
      87.0000
      88.0000
      89.0000
      90.0000
      91.0000
      92.0000
      93.0000
      94.0000
      95.0000
      96.0000
      97.0000
      98.0000
      99.0000
      100.000
      101.000
      102.000
      103.000
      104.000
      105.000
      106.000
      107.000
      108.000
      109.000
      110.000
      111.000
      112.000
      113.000
      114.000
      115.000
      116.000
      117.000
      118.000
      119.000
      120.000
      121.000
      122.000
      123.000
      124.000
      125.000
      126.000
      127.000
      128.000
      129.000
      130.000
      131.000
      132.000
      133.000
      134.000
      135.000
      136.000
      137.000
      138.000
      139.000
      140.000
      141.000
      142.000
      143.000
      144.000
      145.000
      146.000
      147.000
      148.000
      149.000
      150.000
      151.000
      152.000
      153.000
      154.000
      155.000
      156.000
      157.000
      158.000
      159.000
      160.000
      161.000
      162.000
      163.000
      164.000
      165.000
      166.000
      167.000
      168.000
      169.000
      170.000
      171.000
      172.000
      173.000
      174.000
      175.000
      176.000
      177.000
      178.000
      179.000
      180.000
      181.000
      182.000
      183.000
      184.000
      185.000
      186.000
      187.000
      188.000
      189.000
      190.000
      191.000
      192.000
      193.000
      194.000
      195.000
      196.000
      197.000
      198.000
      199.000
      200.000
      201.000
      202.000
      203.000
      204.000
      205.000
      206.000
      207.000
      208.000
      209.000
      210.000
      211.000
      212.000
      213.000
      214.000
      215.000
      216.000
      217.000
      218.000
      219.000
      220.000
      221.000
      222.000
      223.000
      224.000
      225.000
      226.000
      227.000
      228.000
      229.000
      230.000
      231.000
      232.000
      233.000
      234.000
      235.000
      236.000
      237.000
      238.000
      239.000
      240.000
      241.000
      242.000
      243.000
      244.000
      245.000
      246.000
      247.000
      248.000
      249.000
      250.000
      251.000
      252.000
      253.000
      254.000
      255.000
      256.000
      257.000
      258.000
      259.000
      260.000
      261.000
      262.000
      263.000
      264.000
      265.000
      266.000
      267.000
      268.000
      269.000
      270.000
      271.000
      272.000
      273.000
      274.000
      275.000
      276.000
      277.000
      278.000
      279.000
      280.000
      281.000
      282.000
      283.000
      284.000
      285.000
      286.000
      287.000
      288.000
      289.000
      290.000
      291.000
      292.000
      293.000
      294.000
      295.000
      296.000
      297.000
      298.000
      299.000
      300.000
      301.000
      302.000
      303.000
      304.000
      305.000
      306.000
      307.000
      308.000
      309.000
      310.000
      311.000
      312.000
      313.000
      314.000
      315.000
      316.000
      316.000
      316.000
      316.000
      316.000
      316.000
      316.000
      316.000
      316.000
      316.000
      316.000
      316.000
      316.000
      316.000
      316.000
      316.000
      316.000
      316.000
      316.000
    -4.238561E-07
    -5.688971E-08
    -1.102627E-08
    -2.754261E-09
    -8.286658E-10
    -2.876207E-10
    -1.119346E-10
    -4.794544E-11
    -2.235756E-11
    -1.130121E-11
    -6.201288E-12
    -3.713736E-12
    -2.440361E-12
    -1.760433E-12
    -1.383632E-12
    -1.148754E-12
    -9.737073E-13
    -8.417477E-13
    -7.393449E-13
    -6.572452E-13
    -5.908049E-13
    -5.364604E-13
    -4.904919E-13
    -4.513695E-13
    -4.174140E-13
    -3.874591E-13
    -3.610115E-13
    -3.374342E-13
    -3.162843E-13
    -2.972136E-13
    -2.798981E-13
    -2.640616E-13
    -2.495362E-13
    -2.361809E-13
    -2.238651E-13
    -2.124838E-13
    -2.018693E-13
    -1.919920E-13
    -1.827955E-13
    -1.741811E-13
    -1.661099E-13
    -1.585618E-13
    -1.514443E-13
    -1.447503E-13
    -1.384647E-13
    -1.324947E-13
    -1.268818E-13
    -1.215766E-13
    -1.165428E-13
    -1.117970E-13
    -1.072678E-13
    -1.029913E-13
    -9.892384E-14
    -9.505683E-14
    -9.138554E-14
    -8.788600E-14
    -8.456181E-14
    -8.138504E-14
    -7.837157E-14
    -7.548098E-14
    -7.273876E-14
    -7.011128E-14
    -6.760936E-14
    -6.521862E-14
    -6.293437E-14
    -6.075260E-14
    -5.866676E-14
    -5.667491E-14
    -5.476784E-14
    -5.294796E-14
    -5.120122E-14
    -4.953751E-14
    -4.793609E-14
    -4.641322E-14
    -4.494833E-14
    -4.355288E-14
    -4.221555E-14
    -4.093855E-14
    -3.971557E-14
    -3.854630E-14
    -3.742799E-14
    -3.635468E-14
    -3.533177E-14
    -3.434797E-14
    -3.341196E-14
    -3.251882E-14
    -3.166802E-14
    -3.085791E-14
    -3.008275E-14
    -2.934582E-14
    -2.864156E-14
    -2.796835E-14
    -2.732740E-14
    -2.671430E-14
    -2.613330E-14
    -2.558287E-14
    -2.505944E-14
    -2.456410E-14
    -2.409666E-14
    -2.365508E-14
    -2.323766E-14
    -2.284476E-14
    -2.252904E-14
    -2.228995E-14
    -2.210752E-14
    -2.196732E-14
    -2.185885E-14
    -2.177439E-14
    -2.170822E-14
    -2.165607E-14
    -2.161475E-14
    -2.158184E-14
    -2.155548E-14
    -2.153428E-14
    -2.151714E-14
    -2.150323E-14
    -2.149189E-14
    -2.148260E-14
    -2.147497E-14
    -2.146867E-14
    -2.146346E-14
    -2.145912E-14
    -2.145551E-14
    -2.145249E-14
    -2.144996E-14
    -2.144782E-14
    -2.144602E-14
    -2.144450E-14
    -2.144320E-14
    -2.144210E-14
    -2.144117E-14
    -2.144036E-14
    -2.143967E-14
    -2.143908E-14
    -2.143857E-14
    -2.143813E-14
    -2.143775E-14
    -2.143742E-14
    -2.143713E-14
    -2.143688E-14
    -2.143667E-14
    -2.143648E-14
    -2.143631E-14
    -2.143616E-14
    -2.143604E-14
    -2.143592E-14
    -2.143583E-14
    -2.143574E-14
    -2.143566E-14
    -2.143559E-14
    -2.143553E-14
    -2.143548E-14
    -2.143543E-14
    -2.143539E-14
    -2.143535E-14
    -2.143531E-14
    -2.143528E-14
    -2.143526E-14
    -2.143523E-14
    -2.143521E-14
    -2.143519E-14
    -2.143517E-14
    -2.143516E-14
    -2.143514E-14
    -2.143513E-14
    -2.143512E-14
    -2.143511E-14
    -2.143510E-14
    -2.143509E-14
    -2.143508E-14
    -2.143508E-14
    -2.143507E-14
    -2.143506E-14
    -2.143506E-14
    -2.143505E-14
    -2.143505E-14
    -2.143504E-14
    -2.143504E-14
    -2.143504E-14
    -2.143503E-14
    -2.143503E-14
    -2.143503E-14
    -2.143503E-14
    -2.143502E-14
    -2.143502E-14
    -2.143502E-14
    -2.143502E-14
    -2.143502E-14
    -2.143502E-14
    -2.143501E-14
    -2.143501E-14
    -2.143501E-14
    -2.143501E-14
    -2.143501E-14
    -2.143501E-14
    -2.143501E-14
    -2.143501E-14
    -2.143501E-14
    -2.143501E-14
    -2.143501E-14
    -2.143501E-14
    -2.143500E-14
    -2.143500E-14
    -2.143500E-14
    -2.143500E-14
    -2.143500E-14
    -2.143500E-14
    -2.143500E-14
    -2.143500E-14
    -2.143500E-14
    -2.143500E-14
    -2.143500E-14
    -2.143500E-14
    -2.143500E-14
    -2.143500E-14
    -2.143500E-14
    -2.143500E-14
    -2.143500E-14
    -2.143500E-14
    -2.143500E-14
    -2.143500E-14
    -2.143500E-14
    -2.143500E-14
    -2.143500E-14
    -2.143500E-14
    -2.143500E-14
    -2.143500E-14
    -2.143500E-14
    -2.143500E-14
    -2.143500E-14
    -2.143500E-14
    -2.143500E-14
    -2.143500E-14
    -2.143500E-14
    -2.143500E-14
    -2.143500E-14
    -2.143500E-14
    -2.143500E-14
    -2.143500E-14
    -2.143500E-14
    -2.143500E-14
    -2.143500E-14
    -2.143500E-14
    -2.143500E-14
    -2.143500E-14
    -2.143500E-14
    -2.143500E-14
    -2.143500E-14
    -2.143500E-14
    -2.143500E-14
    -2.143500E-14
    -2.143500E-14
    -2.143500E-14
    -2.143500E-14
    -2.143500E-14
    -2.143500E-14
    -2.143500E-14
    -2.143500E-14
    -2.143500E-14
    -2.143500E-14
    -2.143500E-14
    -2.143500E-14
    -2.143500E-14
    -2.143500E-14
    -2.143500E-14
    -2.143500E-14
    -2.143500E-14
    -2.143500E-14
    -2.143500E-14
    -2.143500E-14
    -2.143500E-14
    -2.143500E-14
    -2.143500E-14
    -2.143500E-14
    -2.143500E-14
    -2.143500E-14
    -2.143500E-14
    -2.143500E-14
    -2.143500E-14
    -2.143500E-14
    -2.143500E-14
    -2.143500E-14
    -2.143500E-14
    -2.143500E-14
    -2.143500E-14
    -2.143500E-14
    -2.143500E-14
    -2.143500E-14
    -2.143500E-14
    -2.143500E-14
    -2.143500E-14
    -2.143500E-14
    -2.143500E-14
    -2.143500E-14
    -2.143500E-14
    -2.143500E-14
    -2.143500E-14
    -2.143500E-14
    -2.143500E-14
    -2.143500E-14
    -2.143500E-14
    -2.143500E-14
    -2.143500E-14
    -2.143500E-14
    -2.143500E-14
    -2.143500E-14
    -2.143500E-14
    -2.143500E-14
    -2.143500E-14
    -2.143500E-14
    -2.143500E-14
    -2.143500E-14
    -2.143500E-14
    -2.143500E-14
    -2.143500E-14
    -2.143500E-14
    -2.143500E-14
    -2.143500E-14
    -2.143500E-14
    -2.143500E-14
    -2.143500E-14
    -2.143500E-14
    -2.143500E-14
    -2.143500E-14
    -2.143500E-14
    -2.143500E-14
    -2.143500E-14
    -2.143500E-14
    -2.143500E-14
    -2.143500E-14
    -2.143500E-14
    -2.143500E-14
    -2.143500E-14
    -2.143500E-14
    -2.143500E-14
    -2.143500E-14
    -2.143500E-14
    -2.143500E-14
    -2.143500E-14
    -2.143500E-14
    -2.143500E-14
    -2.143500E-14
    -2.143500E-14
    -2.143500E-14
    -2.143500E-14
    -2.143500E-14
    -2.143500E-14
    -2.143500E-14
    -2.143500E-14
    -2.143500E-14
    -2.143500E-14
    -2.143500E-14
    -2.143500E-14
    -2.143500E-14
    -2.143500E-14
    -2.143500E-14
    -2.143500E-14
    -2.143500E-14
    -2.143500E-14
    -2.143500E-14
    -2.143500E-14
    -2.143500E-14
    -2.143500E-14
    -2.143500E-14
    -2.143500E-14
    -2.143500E-14
    -2.143500E-14
    -2.143500E-14
    -2.143500E-14
    -2.143500E-14
    -2.143500E-14
    -2.143500E-14
    -2.143500E-14
    -2.143500E-14
    -2.143500E-14
    -2.143500E-14
    -2.143500E-14
    -2.143500E-14
    -2.143500E-14
    -2.143500E-14
    -2.143500E-14
    -2.143500E-14
    -2.143500E-14
    -2.105782E-14
    -2.070992E-14
    -2.040436E-14
    -2.013474E-14
    -1.989487E-14
    -1.968561E-14
    -1.950589E-14
    -1.935125E-14
    -1.921765E-14
    -1.910347E-14
    -1.900506E-14
    -1.892123E-14
    -1.885283E-14
    -1.879692E-14
    -1.875271E-14
    -1.871812E-14
    -1.869106E-14
    -1.866985E-14
